messX, messY, messTheta, sollTheta
1.4682432236258374, -0.9807792081747366, 326.25727264086333, 0.0
0.10478172342093467, -0.014549692885812475, 352.0946206430559, 10.0
0.10472305574211083, -0.007394762036602673, 355.9609031438721, 20.0
0.10123854125073432, 0.009660214831615043, 5.450679178660924, 30.0
0.09125770400793896, 0.01046251491148148, 6.540291763834951, 40.0
0.08336630849917849, 0.02331738048770757, 15.626193924020855, 50.0
0.0800527610094789, 0.02863974795939921, 19.68522344274, 60.0
0.054376835067287486, 0.05176984837478685, 43.59308546138693, 70.0
0.03486895259235952, 0.10098445057460766, 70.95070248633301, 80.0
0.022944637771088433, 0.20364142056711024, 83.57149518642667, 90.0
-0.007039118278369876, 0.1109435747347586, 93.63042096518544, 100.0
-0.021162591108371532, 0.09906888933126727, 102.05800470833154, 110.0
-0.03237274325913726, 0.05806917750605367, 119.13904704935825, 120.0
-0.03565020200836496, 0.04928387764755291, 125.88063771643526, 130.0
-0.04779549892817384, 0.04539094450803111, 136.47811473077024, 140.0
-0.05098247787126839, 0.032337322448373736, 147.61373559990514, 150.0
-0.05714365931685697, 0.020312387458148822, 160.43164370534305, 160.0
-0.05787464147164181, 0.004797893798166173, 175.26093155586327, 170.0
-0.06064080583198034, -0.007935099377247234, 187.45503112307455, 180.0
-0.0570877669772731, -0.02150023687335772, 200.63723873970582, 190.0
-0.05562465666545813, -0.034233897978603774, 211.6099975584045, 200.0
-0.04484405035062135, -0.058871248628557735, 232.70235433342398, 210.0
-0.03395720221233011, -0.07810054142416256, 246.5011597228754, 220.0
-0.02562895292630004, -0.11259646874153348, 257.1769388728917, 230.0
0.23246429357279527, -1.4573232182749976, 279.06315629186213, 240.0
0.2124223398518313, -1.2753906986711676, 279.45608133909644, 250.0
0.40912029348786616, -1.5787664058190547, 284.5280102734664, 260.0
0.032806595289381076, -0.10958467438227153, 286.6662335817117, 270.0
0.7055074815568319, -1.833177553694943, 291.04946802759986, 280.0
0.9671304056153279, -1.5283271818458815, 302.3257614967309, 290.0
1.5061944584556537, -2.0645040116635274, 306.1132647367916, 300.0
0.21279492706673037, -0.29757326970947456, 305.5685950732015, 310.0
0.09939323527518674, -0.11144674121262824, 311.72802034597544, 320.0
0.4918083370642394, -0.5843338710323349, 310.08585661622106, 330.0
1.3255986009229808, -1.2962327617851495, 315.64171491529623, 340.0
2.200829953287396, -1.7802095390006853, 321.03126238644285, 350.0
