messX, messY, messTheta, sollTheta
1.3625223436781126, -0.6376682575285421, 334.9201368877326, 0.0
2.0068536549122427, -0.8963626315447205, 335.93203837110235, 10.0
0.1287002919000168, 0.0037632131690464162, 1.674858780478094, 20.0
0.12909369697427125, 0.005882165217448446, 2.6088825357934624, 30.0
0.1262099394383255, 0.018254094199497337, 8.229779167716933, 40.0
0.08548888062879638, 0.13540990453533633, 57.73438814493983, 50.0
0.1316384360734258, -0.007745569135512319, 356.6326147035595, 60.0
0.03515421743867359, 0.2113487424465799, 80.55629376032836, 70.0
0.019761789003676526, 0.22203275516656507, 84.9138521993779, 80.0
0.14973561383317255, -0.052192004703156145, 340.7834343935224, 90.0
-0.0015083750691186277, 0.18666650398517837, 90.46297349860845, 100.0
0.03520523256462597, 0.026546036144339293, 37.01763273221017, 110.0
0.021618080992759012, 0.02085107082556623, 43.96532738819463, 120.0
-0.032955632679594296, 0.046610371399503976, 125.26203190475283, 130.0
-0.04391171856553424, 0.045570330912664776, 133.93810427068465, 140.0
-0.0518369776930151, 0.026309714966241324, 153.0900541958987, 150.0
-0.05507854240791433, 0.014310338540495019, 165.43560848605787, 160.0
-0.05863298277577335, 0.0059518204031020734, 174.20377293436405, 170.0
-0.06502531193808946, -0.00231238147880041, 182.03665140250655, 180.0
-0.06218960714473728, -0.016919188136227416, 195.21942775694433, 190.0
-0.0570876038033413, -0.029077818223687615, 206.99221583025022, 200.0
-0.052593858200720975, -0.044882048824211554, 220.47646482932092, 210.0
-0.037258133467976975, -0.10034450319362825, 249.6299284636028, 220.0
-0.016485301598333203, -0.48228072571198294, 268.0422800565804, 230.0
0.06440166982693203, -0.9530415639742911, 273.8658782673964, 240.0
0.3380233083107764, -1.4466122187559864, 283.1520678361553, 250.0
0.5008712130589817, -1.7165098605443325, 286.26704919628236, 260.0
0.11353738631458356, 0.07811433446569416, 34.52818150812462, 270.0
0.6036055070144087, -1.7761553929910254, 288.7697245734038, 280.0
0.5287988726791583, -1.5148924386531166, 289.2424063366899, 290.0
0.6951397142743071, -1.257002277929257, 298.9432030686276, 300.0
0.7773949299960785, -0.9407583759316696, 309.56859762439115, 310.0
1.8118494381815191, -1.8420057240640064, 314.5271326857586, 320.0
2.111403594919411, -1.7722623822268826, 319.9906950585769, 330.0
1.9023263885587223, -1.690568046486515, 318.3730019270338, 340.0
2.173185743078721, -1.5466196707960373, 324.56118281773644, 350.0
