messX, messY, messTheta, sollTheta
2.029425042766726, -1.2294531634579124, 328.79195155473485, 0.0
2.7265167853474974, -1.5208819023363367, 330.84672759669076, 10.0
0.10483211410520706, -0.001705345886440558, 359.0680288646348, 20.0
0.10103327318087614, 0.008794970526348277, 4.9750699625901, 30.0
0.09460450685375775, 0.009647211640452857, 5.822560149311568, 40.0
0.08359755578076881, 0.01739849199540253, 11.756684595707275, 50.0
0.08172277142597388, 0.03059021350885501, 20.52172350916963, 60.0
0.04190466052615575, 0.06040444072637672, 55.249610051109954, 70.0
0.045466961292280506, 0.13909934680502345, 71.89914901083127, 80.0
0.008809127664340697, 0.1273815124331273, 86.04398225257157, 90.0
-0.0053513180550412084, 0.11666074455685359, 92.62636042862431, 100.0
-0.016253872395725483, 0.08530432019029434, 100.78781756319957, 110.0
-0.03639867024931408, 0.05300294606577806, 124.47852276089381, 120.0
-0.03419666361331344, 0.04726522352511185, 125.8859566234104, 130.0
-0.042610051653831055, 0.044087570762920705, 134.02364779489915, 140.0
-0.05149840867098863, 0.03505016679233793, 145.76053084494546, 150.0
-0.05688418501895476, 0.021241915426328754, 159.52316523021716, 160.0
-0.05879118856002368, 0.007244007919593905, 172.97565565551827, 170.0
-0.060220665660151745, -0.008977981663846885, 188.47947157375668, 180.0
-0.05832485382577977, -0.019588351545094362, 198.5645809562763, 190.0
-0.05374459269531978, -0.03621364079525709, 213.97248144039912, 200.0
-0.04336565876126994, -0.05600054534785615, 232.24654365362454, 210.0
-0.03857891535835967, -0.0752992007569708, 242.87204716062084, 220.0
-0.02066297050378065, -0.1373394015244913, 261.4439152445232, 230.0
0.23401216830561025, -1.4546604656337778, 279.13890946221017, 240.0
0.2492916610143331, -1.3920908163095953, 280.1527496849721, 250.0
0.2017445211554709, -1.1645772493314794, 279.82804546899143, 260.0
3.6002034227320694, -1.0400339485383703, 343.8869463126918, 270.0
0.6241337440287671, -1.5853115945309701, 291.48945238522026, 280.0
1.0002148755436435, -1.6123448302428165, 301.81331276909526, 290.0
0.6586929054547227, -1.2363097681998914, 298.0482239685276, 300.0
0.1730213411616074, -0.238832359076265, 305.92133110001106, 310.0
0.10022044720457891, -0.12833104893760738, 307.9881442177819, 320.0
0.06822255810124918, -0.06231586279668998, 317.59079297369027, 330.0
0.6178420053379634, -0.6701417854836312, 312.67472900552934, 340.0
0.06598011689930139, -0.026174869762764782, 338.36135416718423, 350.0
