messX, messY, messTheta, sollTheta
0.1051680049005549, -0.016119071612921324, 351.28610361550875, 0.0
2.44658393593628, -1.1652167536216522, 334.53328024003196, 10.0
0.11331126491417798, -0.006650838844243379, 356.64086098219724, 20.0
0.10147793736623739, 0.006348709436769609, 3.5798991528041895, 30.0
0.09141134356751661, 0.014001273690538848, 8.708189811194467, 40.0
0.04632469509395863, 0.040615917644795156, 41.24318300214178, 50.0
0.07775203056881382, 0.032485286817301694, 22.67547853728715, 60.0
0.038644631929235784, 0.0677980489464086, 60.31702309316458, 70.0
0.038372343181357134, 0.14309976624673332, 74.98921321368269, 80.0
0.025558388185723226, 0.171737603802477, 81.53523719812287, 90.0
-0.003400219795890515, 0.13321446508737628, 91.46212314411773, 100.0
-0.01980133192362996, 0.09011924687792802, 102.39231618675888, 110.0
0.01023037167077652, -0.001695491275011396, 350.58983809600136, 120.0
-0.03740171429353645, 0.05318239784991775, 125.11766345352106, 130.0
-0.046016018468724565, 0.04614974006497013, 134.91687067040485, 140.0
-0.04968631563090001, 0.03366592139554954, 145.87963917307863, 150.0
-0.0565333054098098, 0.022047430720621337, 158.6947075914281, 160.0
-0.058855051660113795, 0.006086749025263066, 174.0955007548049, 170.0
-0.060888097107068336, -0.00793446951493039, 187.42450894670395, 180.0
-0.05899682602001958, -0.01881506364909145, 197.6883425504551, 190.0
-0.05576720102290437, -0.03598350696295408, 212.83192778007398, 200.0
-0.04345277205772363, -0.06233092259691414, 235.11848044779566, 210.0
-0.03953318501909264, -0.07272443273503956, 241.47138547074198, 220.0
-0.028132919817726355, -0.10446708009595079, 254.92784652698305, 230.0
0.2404118864740363, -1.4446659572949512, 279.44820705709634, 240.0
0.2436345744650458, -1.3545441390680464, 280.1964605839811, 250.0
0.2738075338941857, -1.2998284577452812, 281.89538753116364, 260.0
1.3792085876162907, -2.751792952267898, 296.620194462509, 270.0
0.7577275686979521, -1.886930297144387, 291.87873051409997, 280.0
0.8408785547707763, -1.4449456633023228, 300.1970408401986, 290.0
1.5265645275292477, -2.2135665886134808, 304.5917077293283, 300.0
0.1831401978854046, -0.2788357954094428, 303.2970306944275, 310.0
0.08817535277640962, -0.11085926443284463, 308.49807285292485, 320.0
0.07149949477998137, -0.06616833384794331, 317.2176602527293, 330.0
0.3030455866168584, -0.3784714210516418, 308.68458010581037, 340.0
0.0628523602358739, -0.025578508639431178, 337.85555533214745, 350.0
