messX, messY, messTheta, sollTheta
1.9956950912058575, -0.9815507671547984, 333.81047037617816, 0.0
1.8614795557445434, -0.7705015575244113, 337.51441229659457, 10.0
0.1300960179056249, 0.006738761624316481, 2.9651779331132087, 20.0
0.08955850041259626, 0.022903147414137466, 14.3450286526733, 30.0
0.2340385646888057, 0.18751809402707434, 38.70266110339785, 40.0
0.20011776031255823, 0.23265217487909987, 49.299246925897585, 50.0
0.043363287633599444, 0.0770137335121901, 60.61791543736715, 60.0
0.03196045067955744, 0.08971123807556206, 70.39109280272662, 70.0
0.01589966840698882, 0.09886741900506285, 80.8640264267632, 80.0
0.011207028546147295, 0.09486075936397166, 83.26220062407438, 90.0
-0.005176349970959322, 0.0991559852744655, 92.98836245393578, 100.0
-0.015559826134583007, 0.07823955586121206, 101.24789431104165, 110.0
-0.032430959588582824, 0.06340715449372326, 117.08845484675514, 120.0
-0.044669783071712155, 0.055126854674891285, 129.01815920999715, 130.0
-0.05662227087594903, 0.04318460919742797, 142.66799969122692, 140.0
-0.05962009894610909, 0.03350523974136095, 150.66493052046124, 150.0
-0.06521777650068301, 0.0159736251393584, 166.23761960676563, 160.0
-0.07837378587471916, 0.0030731790750988816, 177.75447840303883, 170.0
-0.08024302889672189, -0.011639781584289749, 188.25356381242253, 180.0
-0.07881279636546101, -0.01813364011111759, 192.95738840422243, 190.0
-0.0748544097513544, -0.028622466422362505, 200.92561208568515, 200.0
-0.061895611422268605, -0.05597465602198658, 222.12428884691124, 210.0
-0.04541388831341058, -0.07399275493262189, 238.46000883318507, 220.0
-0.03931492597821261, -0.08709757388366625, 245.70608568627392, 230.0
-0.03296492369511782, -0.12543091935551767, 255.2748995962197, 240.0
-0.019160556955769854, -0.11848059914085593, 260.8137192411302, 250.0
-0.012082649659297668, -0.07463729373180891, 260.80445392376544, 260.0
0.007630924566311531, -0.08819049925757429, 274.9453567984455, 270.0
0.029186911213857712, -0.12975353903318126, 282.67717445939076, 280.0
0.04062366999732182, -0.11759809282972285, 289.0572145196752, 290.0
0.5103214480273778, -1.0028222610067272, 296.9708714918758, 300.0
0.14156333690191278, -0.14367843077678816, 314.5751543251032, 310.0
0.7682187027742543, -0.9997006277911584, 307.54043182112304, 320.0
1.4998141760084582, -1.267348961853307, 319.80205673934427, 330.0
1.6615876109612724, -1.2903500417585536, 322.16792331620854, 340.0
0.0896958345536409, -0.02841571069032327, 342.4217574860234, 350.0
