messX, messY, messTheta, sollTheta
1.084457072120256, -0.029266256551452565, 358.4541332940428, 0.0
0.11510695222496227, 0.03986049412157021, 19.100505866346108, 10.0
3.051637799251182, -1.0844646395202564, 340.4362444835336, 20.0
0.07755910618580746, 0.023760145986666623, 17.032387261451575, 30.0
0.061077289950102594, 0.03524871807552913, 29.989957904458795, 40.0
0.05231382827129911, 0.045383643234491074, 40.94251152145753, 50.0
0.041616640250036446, 0.05511780182100016, 52.94540791141852, 60.0
0.028521708774150695, 0.062205405838740215, 65.36814066406565, 70.0
0.01598863318165021, 0.058777252822963165, 74.78256559254503, 80.0
0.009237318620698499, 0.0498243595832275, 79.49675434482708, 90.0
-0.004588889081820448, 0.0786495538644704, 93.33919543458791, 100.0
-0.01720322483683045, 0.07117105748680817, 103.5886933670781, 110.0
-0.03464811888999511, 0.05602646733763254, 121.7336463773064, 120.0
-0.03556309103267606, 0.05304864611636961, 123.83736251919035, 130.0
-0.03782188958287131, 0.042576142494783795, 131.61581541135877, 140.0
-0.04845329266482493, 0.016161018978150393, 161.55449299517997, 150.0
-0.0869193235003356, -0.26585724199946364, 251.8953693851722, 160.0
-0.053432755592906306, -0.20657321786542732, 255.49758511842148, 170.0
-0.11980843303637473, -6.118231385911178E-5, 180.02925910949176, 180.0
-0.06644751663983837, -0.07669294834614561, 229.0940247449687, 190.0
-0.04566793415256514, -0.12302571179635495, 249.6347507862094, 200.0
-0.06608318119940261, -0.039780136000787676, 211.04670665574972, 210.0
-0.03696864977274705, -0.07107600397766568, 242.51977678278763, 220.0
-0.033189297094620776, -0.07809291655031808, 246.97462758098231, 230.0
-0.021802746941029447, -0.09292670289638823, 256.7959175796053, 240.0
-0.010944315631646937, -0.10096514099275368, 263.8134658882025, 250.0
0.005908569475715083, -0.12220729877282813, 272.76802350782214, 260.0
0.004125711431251195, -0.09318997596168346, 272.5349463987555, 270.0
0.028018199085963102, -0.10019906710506665, 285.6223391671811, 280.0
0.3578430496776607, -0.8258484601143457, 293.42725495126774, 290.0
2.075796896324386, -2.5700361156149576, 308.92752329068196, 300.0
0.07606182847646406, -0.08995407923136318, 310.21661975098294, 310.0
0.10888849650184378, -0.08378221666687269, 322.4241905667513, 320.0
2.188772601190426, -2.047662431381734, 316.9077429667514, 330.0
2.65332757158041, -1.992334640445154, 323.097791302925, 340.0
2.953319805602617, -2.075486978577624, 324.9018303631469, 350.0
