messX, messY, messTheta, sollTheta
0.07999718351821689, -0.0017419859535547227, 358.7525476822298, 0.0
0.09746120406904925, 0.009787788276703558, 5.7348454064246175, 10.0
0.10624341430253785, 0.0123274573083814, 6.618452007337708, 20.0
0.0669546935064683, 0.029263046469673547, 23.608090832876087, 30.0
0.06358775808627244, 0.04316865411618102, 34.17191993182829, 40.0
0.07189880600492424, 0.05685601953338214, 38.33618435155949, 50.0
0.06509413320110498, 0.0633849720402035, 44.237837587036374, 60.0
0.04249177270027684, 0.09174569172333222, 65.14891226518542, 70.0
0.03404362999147003, 0.12466421423821605, 74.72593274753393, 80.0
0.04402888248116604, 0.2921757690006968, 81.43039855373404, 90.0
0.0013696162109268425, 0.14832836315271397, 89.47096430746555, 100.0
-0.02360802143571972, 0.069160893350991, 108.84730219987229, 110.0
-0.011485357079857747, 0.07672327515999386, 98.51386875965423, 120.0
-0.033875193762319726, 0.04279986466367054, 128.3608746501266, 130.0
-0.03908730129229078, 0.037251790895782635, 136.37736429034433, 140.0
-0.04332384696362065, 0.02767282664961056, 147.4318578717781, 150.0
-0.055656686972140115, 0.022248748992101754, 158.21095012487075, 160.0
-0.06490563505389388, 0.016114512960008757, 166.05676037873246, 170.0
-0.06470668005389185, 0.005226804851583365, 175.3818516129547, 180.0
-0.05875016552148841, -0.01580620471913405, 195.0583508707056, 190.0
-0.057263302540237426, -0.025947708532471726, 204.37669654256766, 200.0
-0.047114045086445386, -0.03900712516028046, 219.62237264709933, 210.0
-0.04632843461758943, -0.04571041831857759, 224.61527993550334, 220.0
-0.035898218588652255, -0.050768917987855204, 234.7362329818371, 230.0
-0.02474070892127912, -0.07857644906297691, 252.522785272866, 240.0
-0.012018562109673992, -0.12357449028054895, 264.4450192278205, 250.0
-0.003952600852562559, -0.14089546054334914, 268.39307835350587, 260.0
0.010713762276530921, -0.11656768464495333, 275.25131441681185, 270.0
0.03568341757948137, -0.10350371442375962, 289.021886320761, 280.0
0.03699724127448445, -0.10207675635401565, 289.9228108802193, 290.0
0.04921957517757583, -0.08912481415145071, 298.90987049061357, 300.0
0.05548470707369309, -0.06754235647970264, 309.4024261899711, 310.0
0.28877288171420357, -0.3555289944407316, 309.08469144943643, 320.0
0.675078359576831, -0.8075693415064225, 309.89355147677475, 330.0
1.1451178784723897, -0.92445555976175, 321.0860048269856, 340.0
0.07152659203475091, -0.01612528020633975, 347.29537541924674, 350.0
