messX, messY, messTheta, sollTheta
2.825972359029428, -1.750045363813813, 328.2312293314763, 0.0
3.0904179087923347, -2.3365415859757204, 322.9085293973028, 10.0
0.09315353983236613, -0.007366390225088469, 355.47857663995535, 20.0
0.09389281401081456, -0.0014269874256917262, 359.1292830700191, 30.0
0.045125886856813034, 0.021797422876109817, 25.782209912334704, 40.0
0.09057994027310937, 0.013542502169401805, 8.50324171221058, 50.0
0.07977649275326024, 0.014584609028845424, 10.360309897938768, 60.0
0.0815626538601859, 0.017987027339309222, 12.436390406015853, 70.0
0.0588548995917889, 0.024032135044275857, 22.211595147833812, 80.0
-0.038395132349153864, 0.012028972709226232, 162.60452826772132, 90.0
0.07513767773775862, 0.01801696217088318, 13.484138469537026, 100.0
-0.010567113483818325, 0.1077436073690102, 95.60145394842759, 110.0
-0.034312914190835965, 0.05235976559797201, 123.23801950466047, 120.0
-0.03422721453979184, 0.04417177663481018, 127.77089274948327, 130.0
-0.04704067448605136, 0.053919670561790825, 131.1021407692836, 140.0
-0.04810562179330239, 0.027517586969001667, 150.22939237988874, 150.0
-0.05612224410599348, 0.01801051324792393, 162.20774504066245, 160.0
-0.05769559415934744, 0.009578216406919741, 170.5741239560808, 170.0
-0.06920695166857224, -0.011835581676593328, 189.7046821040096, 180.0
-0.06239185812166532, -0.017423107004779035, 195.60254480496283, 190.0
-0.06255211482705339, -0.04213885110943814, 213.96656848309732, 200.0
-0.0537882004833927, -0.05419997725403918, 225.21847721857458, 210.0
1.2589939745968457, -3.1951294441723745, 291.50619385949915, 220.0
-0.03349698627102884, -0.14203005523341133, 256.72961150076804, 230.0
0.14950062574919604, -1.220511999737254, 276.983378101644, 240.0
0.7980471697140508, -2.4767169295844553, 287.8599670004088, 250.0
0.7602563103463269, -2.3570658917181744, 287.8767695183597, 260.0
0.7698578769053765, -2.1052328506403164, 290.0868473351515, 270.0
0.9287264610351182, -2.148534639624818, 293.3769170300545, 280.0
1.2721945703429935, -2.414014586736906, 297.7893955597699, 290.0
1.3986438512304107, -2.25464656454515, 301.81291613068737, 300.0
1.800705629221565, -2.3431095492915572, 307.54267659197774, 310.0
1.6726808589748887, -2.140681639572501, 308.003275070407, 320.0
1.952775279745344, -2.127573339701266, 312.54700585326634, 330.0
2.271754607601191, -2.3252240799482573, 314.3335977474927, 340.0
2.8506135485218773, -2.564889268030735, 318.0201499268955, 350.0
