messX, messY, messTheta, sollTheta
2.3802634035898866, -1.360715527406122, 330.24486707402946, 0.0
0.10708889943876566, -0.014386466817617048, 352.34861812896247, 10.0
0.10680020868324915, 0.0051293215318100405, 2.7496465463055704, 20.0
0.11427410226010337, 0.014311857279511335, 7.138638666401848, 30.0
0.09153171415225511, 0.020068693338545822, 12.3666420724783, 40.0
0.07774869935507729, 0.039973278551715744, 27.209253510984976, 50.0
0.043128847896253666, 0.07365127109502732, 59.64753447113176, 60.0
0.028357346082996632, 0.10199357159338554, 74.46243553809511, 70.0
0.06612661903768188, 0.2800944350566273, 76.71644898581584, 80.0
0.18084677132165644, 0.92073330763618, 78.88765191954677, 90.0
-0.011306393449260635, 0.15456346219979827, 94.18376270240228, 100.0
-0.02376526766560412, 0.10615809559245729, 102.61856669067113, 110.0
-0.03253392603414004, 0.062068577299700875, 117.66177430465567, 120.0
-0.04185423527471863, 0.05978080472272721, 124.99695483601656, 130.0
-0.05130115590053085, 0.04594624488983716, 138.15179902761946, 140.0
-0.049187715365902294, 0.03952156724919037, 141.2186621789812, 150.0
-0.060850397731126535, 0.02563740394667899, 157.15340332741147, 160.0
-0.06195362792013755, 0.004779756439539214, 175.58833831615712, 170.0
-0.0692664547293066, -0.003942800997679414, 183.25788784585203, 180.0
-0.06863032335953521, -0.014224508688288676, 191.70948736148156, 190.0
-0.061563464935544425, -0.0342371300307597, 209.07963511370016, 200.0
-0.0521274982072165, -0.05269616476193568, 225.3108255615416, 210.0
-0.04096592942180529, -0.07773329961198744, 242.21049225018956, 220.0
-0.0357089652189153, -0.10523423173639969, 251.25646549722978, 230.0
-0.023377858452147137, -0.14515263412988616, 260.8506787754636, 240.0
0.18903869758314826, -1.2827964003599897, 278.3830306703272, 250.0
0.2618036775909198, -1.332759014847394, 281.1135260051005, 260.0
1.2659673941014458, -2.633849095592603, 295.6714048619013, 270.0
0.4358096510992466, -1.460486965131222, 286.61511561824034, 280.0
1.143489101464657, -1.8477452291590164, 301.75156188330857, 290.0
1.3915478128442857, -1.8893408115520454, 306.3725956354244, 300.0
0.12582108105275308, -0.15256401957257973, 309.5127450922876, 310.0
0.12448543166705169, -0.12417421437122943, 315.071710181107, 320.0
1.5223650580183812, -1.38459224969539, 317.7134550656545, 330.0
1.8560683491617824, -1.5897936605034027, 319.41867886900764, 340.0
2.2003590186479354, -1.522858918912269, 325.3130598545731, 350.0
