messX, messY, messTheta, sollTheta
0.05487908009810796, -0.005651074497480786, 354.12079181868137, 0.0
0.051600438036603156, -0.00552572225605926, 353.88767571537727, 10.0
0.10463712205627693, -0.006270895245994819, 356.57037005259446, 20.0
0.09643017348342567, 0.002217870350429884, 1.3175565914108334, 30.0
0.10037773061833397, 0.011009434828498976, 6.259185416292908, 40.0
0.03713851460164072, 0.03811032307568668, 45.73991081448402, 50.0
0.03467067123350376, 0.03319232292022152, 43.7520485195357, 60.0
0.07508952108357281, 0.02164678216911372, 16.081195920888234, 70.0
0.1058461930631135, 0.06057415854932697, 29.781846434291037, 80.0
-0.011816023465942562, 0.03628357191982669, 108.03823680182079, 90.0
0.0916571362572983, 0.08098032319417652, 41.461033526390125, 100.0
-0.030361815589473165, 0.054866949136616425, 118.95889947208875, 110.0
-0.018431069223630917, 0.09468206117855928, 101.01559197568922, 120.0
-0.0369608783967396, 0.0420287949454844, 131.32897857719323, 130.0
-0.05052942955498861, 0.051197770860251283, 134.6235757500334, 140.0
-0.04904674927787561, 0.030010362334863795, 148.5386782309515, 150.0
-0.053307221173776974, 0.018063068031826415, 161.28113083769207, 160.0
-0.0686626726716516, -5.198169224117332E-4, 180.43375455157482, 170.0
-0.06989125601886127, -0.010762268983458773, 188.7539846526579, 180.0
-0.05715229017199645, -0.017728765430835375, 197.2340044118569, 190.0
-0.06278846653148547, -0.04542316459661408, 215.88316800881702, 200.0
-0.05601824812672713, -0.05574068318249542, 224.8577002575064, 210.0
-0.04246234881823509, -0.11525101116437052, 249.77450588426285, 220.0
0.04404254678352788, -1.14357205519224, 272.20555014512945, 230.0
0.022820120599642762, -0.9766287270072872, 271.3385421546234, 240.0
0.6720802542294011, -2.538498950146187, 284.829109148514, 250.0
0.0978329343276252, -1.3052969534340841, 274.2863450458677, 260.0
0.014559279734391983, -0.10305629280098906, 278.041246710718, 270.0
1.0371161773765658, -2.2952116646272316, 294.3163454610935, 280.0
1.5116278414712396, -2.5358952301798308, 300.79884789819187, 290.0
1.30368029970464, -2.249686490639523, 300.09204361924327, 300.0
1.6871116272600641, -2.4201808723266494, 304.88040934474384, 310.0
1.5185135841967679, -2.1696527795028073, 304.98770678791476, 320.0
1.9984737622957656, -2.387885217984338, 309.92670521567675, 330.0
1.597727912373057, -0.7499618689414801, 334.85498072286447, 340.0
2.422539919944751, -1.382594006257686, 330.2856967121981, 350.0
