messX, messY, messTheta, sollTheta
1.3337729785440406, -0.588838564057865, 336.17933990652034, 0.0
2.274189088065314, -0.9439305764135243, 337.45849585093174, 10.0
0.12376766573302384, 0.001843681770342778, 0.8534326888526204, 20.0
0.11182478411016641, 0.0032421138183088265, 1.6606999735149004, 30.0
0.11459209974644687, 0.018747887300637877, 9.291581250337018, 40.0
0.11007527548885773, 0.03274258426808474, 16.565441423221408, 50.0
2.215200908914515, 2.221725402318823, 45.08425329605593, 60.0
0.05073475386140384, 0.2103282489138734, 76.43835243671761, 70.0
0.005708225705826139, 0.24118314032468985, 88.6441996156052, 80.0
0.008912685169211721, 0.15389699854915256, 86.68551377597555, 90.0
-0.004200907345808797, 0.17155223279052753, 91.40275742345136, 100.0
0.03093987869764954, 0.03192221338743871, 45.89527804686391, 110.0
0.03485243229190555, 0.02327534373248847, 33.73601039341111, 120.0
-0.028476071161577462, 0.05841143396761905, 115.98962755922562, 130.0
-0.045291461899842574, 0.051241008431508625, 131.47317362084095, 140.0
-0.053214354940390604, 0.029424875199809675, 151.05960208362728, 150.0
-0.05664386905565433, 0.01252929831972377, 167.52733109058258, 160.0
-0.06413264080217952, 0.006374885864053803, 174.32335630146034, 170.0
-0.06802021857168376, -0.010846662958479816, 189.060237479431, 180.0
-0.06585692879698861, -0.023579860588093828, 199.69974261315986, 190.0
-0.05621974759591981, -0.0426763290970116, 217.20208075242007, 200.0
-0.039212945888984996, -0.08808355315336033, 246.00237705506092, 210.0
-0.03813854917004165, -0.1087444809991707, 250.67335895341856, 220.0
-0.012376948940269038, -0.5488706624454699, 268.7082079197477, 230.0
-0.016865905166800213, -0.4601636583960357, 267.9009363390488, 240.0
0.08674781679348495, -0.9483986404636064, 275.22616937554403, 250.0
0.3104726168237145, -1.382589733801853, 282.6563174539549, 260.0
0.43969724886418815, -1.558407178212966, 285.7561630064434, 270.0
0.6096404408652437, -1.6786923638577302, 289.95919345182773, 280.0
0.5869065832717552, -1.6864133604003142, 289.1889492034372, 290.0
0.5411096620112552, -1.0069913161810609, 298.251488318974, 300.0
1.3763373400268566, -1.6830897807971672, 309.2743931089649, 310.0
1.5916804431929643, -1.6285012648710377, 314.34488611658674, 320.0
1.857780410691974, -1.760784498848077, 316.53545011842004, 330.0
1.8848032408178284, -1.6670576199632645, 318.5081078574649, 340.0
1.9895667797024896, -1.3612451537305477, 325.6203884984132, 350.0
