messX, messY, messTheta, sollTheta
0.11585690842360843, -0.005029499907872284, 357.5142759816558, 0.0
0.11604540554592431, 7.989730552299275E-4, 0.3944754251628904, 10.0
0.0707093797295749, 0.016097592731010687, 12.825282928058934, 20.0
0.10704784310502896, 0.018607197460833294, 9.860705817898888, 30.0
0.0955876871935428, 0.02486594725462522, 14.581598240823249, 40.0
0.10224696231176512, 0.03687469496818284, 19.831505722571325, 50.0
0.05989215382333842, 0.07076172250123534, 49.75569170781832, 60.0
0.05100400858806725, 0.09976006808099616, 62.92084851810821, 70.0
0.031099625676220936, 0.12191191835348304, 75.68911472128002, 80.0
0.010111355057027139, 0.20905774835624835, 87.23097154363381, 90.0
0.04892910391751238, 0.07322018602165889, 56.24732775484228, 100.0
0.03996583832692409, 0.05726908893347465, 55.09033166453879, 110.0
-0.02583627686804984, 0.05704551316695125, 114.36607552205055, 120.0
-0.03664295360284089, 0.04604949164470347, 128.51031218414553, 130.0
-0.047811344535388656, 0.05141787421394602, 132.91847588310506, 140.0
-0.04994138426378811, 0.04255128553510851, 139.56818770106128, 150.0
-0.05949699837351948, 0.024891727793709878, 157.297054257759, 160.0
-0.06929578277672091, 0.009389685951889035, 172.28333178153358, 170.0
-0.06302566255189518, 0.0014913080052695506, 178.64452494533143, 180.0
-0.0566385386966698, -0.015579094175546452, 195.37953914802094, 190.0
-0.05451680776678017, -0.0324524727194579, 210.76426527439355, 200.0
-0.05096741454646318, -0.04023673463768295, 218.28967987189208, 210.0
-0.04081763212665932, -0.046373054476497755, 228.64571693791413, 220.0
-0.03209461026679372, -0.05442257769636389, 239.47088468420168, 230.0
-0.023381759000036757, -0.06887176245347233, 251.2478024813595, 240.0
-0.01454913447127969, -0.14182258986408297, 264.1426959660705, 250.0
0.9063593101799029, -2.474521867038, 290.11659742136874, 260.0
0.014142519342373913, -0.13669120793747294, 275.90699111232715, 270.0
0.3134503391201697, -0.8989189018340894, 289.223511015317, 280.0
0.04045374422141527, -0.09029730580613625, 294.1326708916196, 290.0
1.0649465396079019, -1.6290158248668818, 303.17409638908896, 300.0
0.5817443274216471, -0.8821294814440032, 303.40394298688557, 310.0
0.7136376618954888, -0.8917823798257272, 308.6681031222978, 320.0
0.7333690276988722, -0.9053681925838933, 309.0082670561213, 330.0
1.1861879785548755, -1.1083871950189566, 316.9419496596972, 340.0
0.08350188769642283, -0.01627142300786392, 348.97335669523227, 350.0
