messX, messY, messTheta, sollTheta
0.11687912624792988, 0.002265458606771824, 1.1104203917900912, 0.0
0.06665408126491071, 0.019696170323738316, 16.462322537565687, 10.0
0.058080457946093914, 0.038878081310502736, 33.79768630458519, 20.0
0.10105864249475921, 0.025689534785697608, 14.262733392438781, 30.0
0.04418755160245944, 0.055623318674592484, 51.53612645404305, 40.0
0.04695228067793264, 0.08099090007892124, 59.89814780775522, 50.0
0.033828192081307724, 0.10784021594383435, 72.58397974429658, 60.0
0.06619267450544872, 0.14909789792726447, 66.06095928333944, 70.0
-0.031341432241416015, 0.9469228704247992, 91.89569450964584, 80.0
-0.03674157905049611, 0.9915627606294183, 92.12207923402394, 90.0
0.00893053923901135, 0.26034371191547334, 88.03536006965973, 100.0
-0.44559653533204263, 1.4345205046742082, 107.2560497982631, 110.0
-0.8249909536246725, 1.6151576123333133, 117.05705745032628, 120.0
-0.9709051410932754, 1.6387949053942708, 120.64464943461721, 130.0
-0.07142112998764684, 0.06178490619073394, 139.13761175078233, 140.0
-0.06691136546227577, 0.04643870223720281, 145.238072111928, 150.0
-0.07503573344617967, 0.03467990643644161, 155.1946328337681, 160.0
-0.07451862116586781, 0.015760186215419043, 168.0583016937831, 170.0
-0.08366364234602895, 0.009487828927374185, 173.5300452041164, 180.0
-0.0855201031815818, -0.0021017395584338066, 181.40781601967026, 190.0
-0.08290831322804737, -0.013613167721840945, 189.32450367177213, 200.0
-0.07117722165129867, -0.025638876066493933, 199.80961925522007, 210.0
-0.0735940179795867, -0.02981946875635482, 202.0572379324808, 220.0
-0.052515468007024856, -0.07468565484533231, 234.8869020732948, 230.0
1.1217588208990177, -3.3057859244774246, 288.7437166246972, 240.0
0.1470557854033403, -1.3454672979250992, 276.2375084284339, 250.0
-0.012092808879205387, -0.2403493376650206, 267.1196794097948, 260.0
0.9458509749747455, -2.782651789212407, 288.7734072178928, 270.0
1.4091467382351037, -2.786052159842337, 296.8296567929318, 280.0
-0.06198577499416124, -0.09786626526278422, 237.65096578825055, 290.0
2.1685443088666387, -2.753206024277882, 308.2254998032974, 300.0
2.1969112815795033, -2.540822740117794, 310.8481894188033, 310.0
0.6413939552571247, -0.940054338057765, 304.30550521577345, 320.0
2.818153483163366, -2.6496508914619876, 316.765138641788, 330.0
0.0721879381340594, -0.014080705887682569, 348.9626882062605, 340.0
0.05811970867111885, -0.0030742579807336544, 356.97214576293794, 350.0
