messX, messY, messTheta, sollTheta
2.230196550818987, -1.201436841016971, 331.68805690032656, 0.0
0.12224143636888642, 0.003140098341858545, 1.4714717912291024, 10.0
0.11466358738950476, -0.002359751342474734, 358.82103191561794, 20.0
0.10437204781392331, 0.011458374312360336, 6.265066700549358, 30.0
0.09010654233214282, 0.028544591156469748, 17.57753052864047, 40.0
0.07912424281602208, 0.04785105273023824, 31.163804770961516, 50.0
0.043839658356654515, 0.08416634401972597, 62.48637978214983, 60.0
0.16157160525423392, 0.2544765389713186, 57.587821824271344, 70.0
0.2659991388249751, 0.9867086581101949, 74.912736280459, 80.0
0.00460649421407805, 0.14750504274188833, 88.21126844392954, 90.0
-0.011981416622771541, 0.12565983323573815, 95.44657372709622, 100.0
-0.017398558081106377, 0.10040896494889105, 99.83042701646629, 110.0
-0.028460494654092672, 0.06049038429366585, 115.19680530977648, 120.0
-0.03666985180479142, 0.058000864725430284, 122.3022776420003, 130.0
-0.04729609113576192, 0.048333155944011566, 134.37867222415997, 140.0
-0.057919191375535674, 0.03775046426815422, 146.90456929568123, 150.0
-0.06439929691926055, 0.018938274507654843, 163.6126666617666, 160.0
-0.06753352819929034, 0.00536506613967978, 175.45779089134436, 170.0
-0.07556919499464489, -0.006811447806153696, 185.15045109585247, 180.0
-0.06330754188639057, -0.015931452482930347, 194.1252790979313, 190.0
-0.05777339134793438, -0.030371018641517977, 207.73055271345345, 200.0
-0.05319367702550051, -0.04687600468200449, 221.38755527110473, 210.0
-0.04460850877191139, -0.07011317156009882, 237.53402191722702, 220.0
-0.033226101600075525, -0.11394558591619486, 253.74351546282756, 230.0
-0.02790968480921878, -0.13916601528957306, 258.6597936527848, 240.0
-0.011499399139927716, -0.17399228147976478, 266.21873906663, 250.0
0.3617777948076493, -1.5101023017848243, 283.472528441604, 260.0
1.6159549153710715, -2.8381062176465344, 299.65622938678405, 270.0
0.46255690224557916, -1.5029027634075698, 287.1070919948069, 280.0
1.0802739454809795, -1.8946392107656418, 299.6906626683636, 290.0
1.2981856202880464, -1.9134250573979283, 304.1553895886384, 300.0
0.1238606833744638, -0.1605117900477107, 307.65596736547246, 310.0
0.12532566799687764, -0.12885341483705975, 314.20484397774464, 320.0
1.428599957196693, -1.5693141861203894, 312.3126586988591, 330.0
1.9546525094613738, -1.7151480354201247, 318.7340345725685, 340.0
0.06774409733611202, -0.01948131654967552, 343.95623783424156, 350.0
