messX, messY, messTheta, sollTheta
1.9744383111890127, -0.9827634561833334, 333.538481314796, 0.0
0.12755761998744786, -0.0016834682293888153, 359.2438709276199, 10.0
0.14474177950623016, 0.007579878731057197, 2.9977433260318778, 20.0
0.13962391768765753, 0.01906481917676879, 7.775315609193579, 30.0
0.11279043929594923, 0.031141767669432253, 15.434983451768133, 40.0
0.06384289272528074, 0.06435423871061596, 45.22853718430412, 50.0
0.044630705979854864, 0.07928493844279526, 60.624173397938144, 60.0
0.03385599969814577, 0.08407426964544717, 68.0657695087284, 70.0
0.012847875733784365, 0.08949046373145046, 81.83004428036796, 80.0
0.010911073176570432, 0.08038310295001716, 82.2700067724237, 90.0
-0.008109709893273623, 0.10002036543738992, 94.63543527551833, 100.0
-0.01956358336204679, 0.09234977835001877, 101.96083556413168, 110.0
-0.03233199070272612, 0.07161598747394203, 114.29742974073743, 120.0
-0.041126373834706687, 0.055670443204390505, 126.45502494219728, 130.0
-0.051389120866238674, 0.04558916299958769, 138.42259865492835, 140.0
-0.06928328960563068, 0.035280554710697076, 153.01381812995285, 150.0
-0.0727203940450524, 0.017894269126774488, 166.17590709757695, 160.0
-0.07244694920439676, 0.002676974214849302, 177.88383669661448, 170.0
-0.07229740092208385, -0.010230472478099963, 188.05418773169862, 180.0
-0.07844263687614739, -0.02307345732336957, 196.390947729003, 190.0
-0.0755351046457013, -0.03462191399280555, 204.62460390449655, 200.0
-0.06093512455694581, -0.05668994680485148, 222.93304911981141, 210.0
-0.054502244538259324, -0.0643671988233415, 229.74409528480234, 220.0
-0.042879222714939415, -0.11117320772163362, 248.90850019418693, 230.0
-0.03995634078414354, -0.11495488517209483, 250.8334278512848, 240.0
-0.018647603688932823, -0.12360144077103102, 261.4205562073055, 250.0
-0.011147999956137942, -0.09362553824825337, 263.2097567200385, 260.0
0.0010892072110202443, -0.08095304583979332, 270.7708568601464, 270.0
0.2693796122437111, -0.9289583442019981, 286.1711174417205, 280.0
0.44179226003845945, -1.0589033409392454, 292.6467170950057, 290.0
0.6306461268200845, -1.0458571735467994, 301.0897460578666, 300.0
0.522497434624269, -0.8177021116527432, 302.5778705377817, 310.0
0.1433998728718404, -0.14189656842051196, 315.3019042328047, 320.0
1.6017080896164553, -1.3904638274754606, 319.03832275268275, 330.0
1.742280434776274, -1.3952761451283766, 321.3110919341354, 340.0
2.1815924122254415, -1.3086663661920548, 329.0418263089532, 350.0
