messX, messY, messTheta, sollTheta
2.0893173177087196, -1.1012602939126097, 332.2066902875127, 0.0
0.13095014198184146, -0.007497124602829545, 356.7232934027004, 10.0
0.12430011109750905, 0.014838902143637917, 6.807731234901774, 20.0
0.12182081522060331, 0.01853383630361218, 8.650650717961318, 30.0
0.25429190563064313, 0.27538019033822914, 47.2799613195411, 40.0
0.05466181650971811, 0.07162758701517459, 52.65132934677406, 50.0
0.04632727791377807, 0.07433332232121341, 58.06731191068861, 60.0
0.02737527143213575, 0.09516032729004327, 73.95078236302886, 70.0
0.012018479106526222, 0.09741083294693416, 82.96643321915853, 80.0
0.05220934991343574, -0.0027249753935462808, 357.0122583756234, 90.0
-0.009741785305957375, 0.10061348598925883, 95.53035897552918, 100.0
-0.020090786362334783, 0.08857279207891362, 102.78003246838728, 110.0
-0.03205663120277394, 0.07351927344556215, 113.55866065591758, 120.0
-0.04720422744277443, 0.05646291982088254, 129.89635588802102, 130.0
-0.05779977171857207, 0.044785098467965155, 142.23033871897405, 140.0
-0.0668302103277859, 0.03588955288484475, 151.7630503714739, 150.0
-0.07134594978453565, 0.021048964919185148, 163.56252991765186, 160.0
-0.07422160949207278, 0.010117358828625987, 172.23769094632334, 170.0
-0.08003841632553174, -0.007774754902586029, 185.54817869996555, 180.0
-0.07499843189304471, -0.01560903048494032, 191.75683507494708, 190.0
-0.07285413258097337, -0.04002926058648617, 208.7863267878378, 200.0
-0.05960895031463938, -0.07106859551684175, 230.01167903485012, 210.0
-0.05630488425280716, -0.07668011635689537, 233.71080532694262, 220.0
-0.05562602661316836, -0.11700962220900198, 244.57372441028087, 230.0
-0.0432198755187666, -0.14391803849510953, 253.28451703071218, 240.0
-0.013009875780207942, -0.12466057453815907, 264.042043295305, 250.0
0.0713721292069352, 0.060583402846262846, 40.32587542073822, 260.0
-0.0018756374616661457, -0.07408326540166191, 268.54969733321377, 270.0
0.028316214454587704, -0.1281088627867491, 282.46382981112737, 280.0
0.04131757010419776, -0.1147078203560804, 289.8089375601771, 290.0
0.29103892943237664, -0.49966524679791086, 300.21942344346957, 300.0
0.1328721692171185, -0.14393971233789488, 312.7104092043084, 310.0
0.11409629397745091, -0.08339839227538103, 323.8351595742519, 320.0
1.3209727701322826, -1.2521723974197165, 316.53160111191477, 330.0
1.664193155464473, -1.1743225528634393, 324.79164622392506, 340.0
2.250413665550643, -1.4203757171902396, 327.74143390315055, 350.0
