messX, messY, messTheta, sollTheta
1.7917452377205358, -0.39851761934788554, 347.4604659748747, 0.0
2.8330874631814127, -0.8323951953427768, 343.62657710374776, 10.0
3.659579781731784, -1.7422032331073924, 334.5424468733395, 20.0
0.23727026609173354, 0.19737709046536892, 39.755922331566616, 30.0
0.0680278759048197, 0.03905018137534698, 29.857205354861016, 40.0
0.04832947041766723, 0.042958637626942124, 41.63294883939339, 50.0
0.04501183986297324, 0.05760593063067803, 51.996816776246455, 60.0
0.0331591470668651, 0.056142218123949116, 59.432726103188564, 70.0
0.014023425516055532, 0.06293956382969904, 77.43922420286249, 80.0
0.006843383939709112, 0.05887819209129689, 83.37028658281908, 90.0
-0.008981435588547464, 0.06762692233040882, 97.56510041528493, 100.0
-0.01428085974923083, 0.06692174412786532, 102.04603164392516, 110.0
-0.03140300367083756, 0.0422545776813993, 126.61920869858689, 120.0
-0.03605722261033071, 0.052536427725386366, 124.46290063425585, 130.0
-0.045498334234087764, 0.03821365328384304, 139.97339378655843, 140.0
-0.07221846795252362, 0.020688837575280224, 164.01427786838823, 150.0
-0.11788482256422805, 0.008831574996852425, 175.71557673978046, 160.0
-0.11322626074642082, 0.006958470114127471, 176.48323485052896, 170.0
-0.07369537004796205, -0.036938286142658025, 206.62137502528722, 180.0
-0.09374060528191851, -0.01898245448159675, 191.44758564350482, 190.0
-0.07363384231668654, -0.04176208469785835, 209.5601230709781, 200.0
-0.05288373442819787, -0.06694924969756302, 231.69451731334817, 210.0
-0.04080923638955437, -0.07709130682072811, 242.10493984579378, 220.0
-0.03135408815776515, -0.09228808747895303, 251.23524689715273, 230.0
-0.019926826452952053, -0.11464747701640408, 260.1399487817748, 240.0
-0.004788131012174542, -0.1360072197701468, 267.98373611762014, 250.0
0.2008679311445519, -1.1279967488382603, 280.09710056464706, 260.0
-0.005107457158397824, -0.06128218512648672, 265.2357934110635, 270.0
0.4315211154026783, -1.2912621055226872, 288.47888229906647, 280.0
1.3912459641845258, -2.200479491506495, 302.3029871150712, 290.0
1.6629327889665442, -2.392688650447807, 304.79952942171957, 300.0
0.6607321632882238, -0.7060255333888171, 313.1019535639028, 310.0
0.10796490770094762, -0.09012286029977311, 320.1468239618279, 320.0
2.087386139636436, -1.772170250136325, 319.66907131036453, 330.0
2.4543025042756472, -2.101931785956355, 319.42234648683865, 340.0
2.335533613774054, -1.154951054282653, 333.6870193666588, 350.0
