messX, messY, messTheta, sollTheta
1.8625132323646312, -0.9890432714075515, 332.03052821958136, 0.0
0.12114232685706731, -0.009376758452016852, 355.5739697415716, 10.0
0.11128661987937467, 0.00410108516835417, 2.1104836341054267, 20.0
0.09955868286040671, 0.011508288761916, 6.593728162647804, 30.0
0.09495450501264477, 0.016928789711838338, 10.108664979212291, 40.0
0.07560470443716287, 0.03924286547615723, 27.431714864701487, 50.0
0.04573425742007737, 0.08593078000703391, 61.97710664850536, 60.0
0.056598226946127345, 0.0841236173057662, 56.067400915916394, 70.0
0.06660288303876633, 0.28526548819597486, 76.85818048575857, 80.0
0.04597542634708796, 0.040944144430011764, 41.68716835203228, 90.0
-0.010504580881762659, 0.1321134759933842, 94.54612652406828, 100.0
-0.019276160909684214, 0.10697768093506375, 100.2144414547078, 110.0
-0.02882389778150953, 0.06761627882521885, 113.08789048293517, 120.0
-0.03412290714531688, 0.057661535402237916, 120.61617124069356, 130.0
-0.045365424295377786, 0.04510099982751959, 135.1674694563235, 140.0
-0.05387630331906975, 0.03957030523542591, 143.7039885932761, 150.0
-0.0616656026260164, 0.020577049148540798, 161.54678308861855, 160.0
-0.06194090285772671, 0.00646620251818847, 174.04030315201678, 170.0
-0.07081229301248335, -0.004534220637103431, 183.66373568343283, 180.0
-0.05935668566392014, -0.020401499888418658, 198.9683697645633, 190.0
-0.05683143021532623, -0.039488986614463185, 214.79327875845397, 200.0
-0.050916295948588784, -0.060804705848758654, 230.0580604622666, 210.0
-0.03907627831642739, -0.07287434655073782, 241.79914719909044, 220.0
-0.038259444881361016, -0.10624408486189432, 250.19559811459632, 230.0
-0.03254761852721286, -0.17267049354311953, 259.3252514570369, 240.0
0.09938407920694745, -1.0452535520700184, 275.43142963335106, 250.0
0.1723616101537874, -1.163464602688408, 278.42679958347946, 260.0
1.1192371195566095, -2.552648339217886, 293.67558383717756, 270.0
0.42629186491677534, -1.429611282741249, 286.60390996339095, 280.0
0.731285635103695, -1.470249496546563, 296.4452376894484, 290.0
1.2986162936616348, -1.8952887631205915, 304.4182104231999, 300.0
0.1192295250567971, -0.14339846098652675, 309.742035861061, 310.0
0.12316219162750008, -0.11916650229529818, 315.9446483084935, 320.0
1.6408338182653448, -1.557939349263719, 316.48445676127005, 330.0
1.8463499629947, -1.699473580773835, 317.3719704539678, 340.0
2.535076602939773, -1.7900708295535566, 324.77328183110575, 350.0
