messX, messY, messTheta, sollTheta
1.5989256872952444, -0.68165926702762, 336.9103190481772, 0.0
1.9958277130057929, -0.7360078012712835, 339.7573766550329, 10.0
0.12154605464311216, 2.072663496196904E-4, 0.0977035049995359, 20.0
0.11386529436975283, 0.007221984536922444, 3.629162908423503, 30.0
0.11802915160036744, 0.01665398128666047, 8.031447205680141, 40.0
0.1088921190604107, 0.0342458249637753, 17.458004268577724, 50.0
0.14448405900719422, -0.016918593526562206, 353.3212730054988, 60.0
0.03525159051911207, 0.21402824849791802, 80.64705228585363, 70.0
0.020437489464496146, 0.4007932146781776, 87.08086743736169, 80.0
0.11464987218112033, -0.07705786827019574, 326.09437082562374, 90.0
-0.009047779394107934, 0.3509381560545196, 91.47685496940503, 100.0
0.037709287351362704, 0.043597086160467376, 49.14184255746231, 110.0
0.02829236631248014, 0.020324597717115367, 35.69261399462359, 120.0
-0.029242729634529795, 0.0623788210837862, 115.1168358928308, 130.0
-0.05071907824809207, 0.045080463088535944, 138.36845613927264, 140.0
-0.05217514774050134, 0.03175932417926701, 148.67087557393918, 150.0
-0.05558055507747316, 0.016119751382578797, 163.8265188656042, 160.0
-0.06246586022307859, 0.004720000194332253, 175.67886906669017, 170.0
-0.07062954135687764, -0.004596188104762478, 183.7232493890185, 180.0
-0.06825796917523191, -0.014609216093375935, 192.08071848709255, 190.0
-0.056784116373551186, -0.03158673829104514, 209.08544170689495, 200.0
-0.04845678650714014, -0.0505117841902371, 226.18952689850786, 210.0
-0.039180901236910884, -0.08838882670482123, 246.09330087752215, 220.0
-0.03246812764601829, -0.14713977540852197, 257.55641869283477, 230.0
-0.013315877394991533, -0.36594059930902906, 267.91603580484394, 240.0
0.1210589946040729, -1.0059259979812836, 276.8623056774293, 250.0
0.3313708833991007, -1.411761231083888, 283.20943500365064, 260.0
0.1132542793724837, 0.07798107099025922, 34.549298739054336, 270.0
0.42578929682375166, -1.5919423384261353, 284.974127813838, 280.0
0.6912858320592028, -1.6727832144588874, 292.45309990676685, 290.0
0.8812158018128665, -1.5912842889583017, 298.9766523901321, 300.0
0.79320200503433, -0.9276301689753822, 310.5332330841961, 310.0
1.602507642336507, -1.6872785548397373, 313.5239341849185, 320.0
2.1663092150605885, -1.7521822182279867, 321.032927586353, 330.0
2.0204960473502385, -1.6332782710732865, 321.0494817738402, 340.0
2.3796824061403474, -1.46874745183897, 328.3169850831187, 350.0
