messX, messY, messTheta, sollTheta
0.1431532697506558, 0.007181140365943417, 2.8717781215790295, 0.0
0.12389003265684492, 0.004123053889655745, 1.906097088966781, 10.0
0.11287945448015627, 0.027608417004943982, 13.743769346519928, 20.0
0.0474374261120566, 0.048980380979038333, 45.916814633796754, 30.0
0.09598088154838559, 0.03340759090573729, 19.191221323632828, 40.0
0.04339261413338792, 0.07832924619856473, 61.01454806756504, 50.0
0.052212062368522646, 0.16404652605585315, 72.34497887534468, 60.0
-0.11471805854334638, 1.2345885061254107, 95.30868459728025, 70.0
-1.2134185513324427, 0.8500556609168086, 144.98698484978502, 80.0
0.06376793388806287, 0.3684962691142529, 80.18224923731572, 90.0
0.028444063782198308, 0.2938697264263378, 84.47148284182838, 100.0
0.013894202002625887, 0.09671645950389686, 81.82487148914501, 110.0
-0.9978207455708463, 1.8187459732953848, 118.75054571222427, 120.0
-0.9083631025038638, 1.5325111429985105, 120.65643270316652, 130.0
-0.059259736909548, 0.056199649849266085, 136.5181878474691, 140.0
-0.06797872330662093, 0.04302193387003738, 147.67136362291905, 150.0
-0.0748103783227392, 0.0303186033038117, 157.9386314028438, 160.0
-0.08254532297438678, 0.016359553677214405, 168.7898882209133, 170.0
-0.07602008681911519, 0.008929602512770089, 173.30052430857188, 180.0
-0.09446471958415528, -0.005642870684055458, 183.41851369183482, 190.0
-0.07894505797037352, -0.013324721492594843, 189.5803585403419, 200.0
-0.08582296670559503, -0.021765416126539275, 194.23065647377797, 210.0
2.251474983693041, -0.4786527932024457, 347.9978814440144, 220.0
2.731617290729892, -0.8129891929298234, 343.42584086361364, 230.0
1.0720665757401013, -2.088286023156733, 297.1746728776658, 240.0
-0.020881387252103898, -0.17126021989599205, 263.0483629269213, 250.0
-0.013188925354678442, -0.25949932058199315, 267.0904736880694, 260.0
-3.148305499478445E-4, -0.08517101921484621, 269.7882098889616, 270.0
1.8131576129505405, -3.134957326756374, 300.0436955025669, 280.0
0.029976781647995537, -0.07828375775216279, 290.95307550533124, 290.0
2.2057289491617045, -2.874022498360754, 307.5051934289637, 300.0
0.5749929958418822, -1.03263630597808, 299.1099540483194, 310.0
2.4420146901469684, -2.5164890151191956, 314.1395098326231, 320.0
2.8712667138900976, -2.43165810617396, 319.73894244608744, 330.0
0.05904391945703707, -0.014845222412124473, 345.88684278434704, 340.0
0.05663294279358511, -0.0020335197618901665, 357.9435632455813, 350.0
