messX, messY, messTheta, sollTheta
0.15711274011793283, 0.0038730419281740973, 1.4121325998849088, 0.0
0.12089524239352459, 0.0027992179710668256, 1.3263939970132792, 10.0
0.10067417392031519, 0.017654643775645885, 9.946490098868598, 20.0
0.10339838709692345, 0.033738824723906095, 18.07146998719808, 30.0
0.08697973300258593, 0.04897022380632751, 29.379828266487653, 40.0
0.04311045717461083, 0.08012851846167704, 61.719019713103776, 50.0
0.044214304489375904, 0.1286880727392636, 71.03844041272029, 60.0
-0.02867778694862599, 1.4748541885115305, 91.11394681370055, 70.0
0.07088859503577744, 0.16620608843308954, 66.90125690545354, 80.0
-0.26348317953777056, 1.5627523638833873, 99.57017792824502, 90.0
0.019238543513774266, 0.267995566542417, 85.89396307564775, 100.0
-0.4631920669546017, 1.443293767877801, 107.79284285329659, 110.0
-0.6948711799770475, 1.505198252780623, 114.78029600772314, 120.0
-0.8212752156978576, 1.3717983524346595, 120.90832808831995, 130.0
-0.06209635354591636, 0.05958613681136751, 136.18180049611965, 140.0
-0.06511511239767817, 0.041006867896251645, 147.79893320482623, 150.0
-0.07482119107893556, 0.030770345271410083, 157.64499930764708, 160.0
-0.07639033129930838, 0.020281877399924618, 165.13083689085443, 170.0
-0.0791112897406599, 0.004152135892068479, 176.995602268745, 180.0
-0.08683322518480767, -0.0031298952122545023, 182.06432713096282, 190.0
-0.08093104240049948, -0.012920470775787082, 189.07060542640224, 200.0
1.3273867724542943, 0.014456778800169798, 0.623992704606277, 210.0
1.61448188023936, -0.1160663108072551, 355.88803771200384, 220.0
2.481072228602306, -0.797172262268182, 342.18770951030564, 230.0
3.8065285294513185, -1.7010536997169425, 335.9211849196842, 240.0
0.709913281830251, -2.725165789828883, 284.60119635292847, 250.0
0.005900159318050443, -0.5115400344899507, 270.6608265525459, 260.0
-0.025241119478844762, -0.07582055112988349, 251.58708785989953, 270.0
0.7346905417012296, -2.6395851105377366, 285.55377885513775, 280.0
1.6309792946159896, -2.5952064017702865, 302.1476534089812, 290.0
2.938783782338827, -3.231284587455952, 312.285844670932, 300.0
2.423409730622137, -2.4935098828901334, 314.1831937290436, 310.0
2.6933635132027796, -2.3557188689652944, 318.825814546016, 320.0
0.059819629019615655, -0.028942553533666007, 334.1808926203499, 330.0
0.05854410968817936, -0.013540714588008599, 346.97701313240486, 340.0
3.4421428993812, -2.264932847747926, 326.6550508404585, 350.0
