messX, messY, messTheta, sollTheta
3.3853748601163365, -2.0577314321049944, 328.7075226183283, 0.0
0.13702485341294743, 0.009196702227020494, 3.839764234962009, 10.0
2.95125505589167, -1.499398246843243, 333.06695098374865, 20.0
3.6952056099224535, -1.467731625253414, 338.3370782080682, 30.0
0.06818388913350994, 0.031618781791531055, 24.87847745648525, 40.0
0.050273569947582454, 0.03988889613454781, 38.42977508803285, 50.0
0.04560748450182282, 0.05121377284678584, 48.313925029835815, 60.0
0.029384160755376632, 0.057597077408881064, 62.97079985583371, 70.0
0.01277375067256568, 0.06259554036007002, 78.46612574628269, 80.0
0.004166972218065031, 0.05877012117299871, 85.94435001622168, 90.0
-0.005439684384677059, 0.07175783362039241, 94.33508062332169, 100.0
-0.018097275266710258, 0.06554726529996266, 105.43456522038504, 110.0
-0.03292656448071549, 0.044768089389966716, 126.33417842438818, 120.0
-0.03844983887256325, 0.05267778485771288, 126.12593593277903, 130.0
-0.04975388162378189, 0.03997638936970645, 141.21872074979402, 140.0
-0.0738788575286981, 0.02254356532399118, 163.03083454147477, 150.0
-0.10180615289993392, 0.015577616991036157, 171.3005023703446, 160.0
-0.11131376578418638, 0.003906479679572793, 177.9900690958165, 170.0
-0.11507861884986323, -0.008957623339341709, 184.45088078381397, 180.0
-0.0930252166976524, -0.021019712921247057, 192.73257095097065, 190.0
-0.07879925318357756, -0.03510643117250392, 204.01379962432352, 200.0
-0.05948373037853767, -0.05732169482510211, 223.93959233419835, 210.0
-0.04297758692577241, -0.07428855459371382, 239.94966040308938, 220.0
-0.03174272577076795, -0.0900827316457156, 250.58891654380383, 230.0
-0.02198661245288167, -0.10473208206309173, 258.1439540529626, 240.0
-2.472184607834843E-4, -0.1572953980656956, 269.9099492869355, 250.0
0.00680803432774074, -0.11930551859507235, 273.2659768704981, 260.0
0.016560627287167135, -0.10920826588493049, 278.6227874128362, 270.0
0.22891318455757137, -0.77086042743909, 286.5392090655964, 280.0
0.6789601032085238, -1.3743387754501744, 296.29060340532055, 290.0
1.4382058229799906, -2.108967607636753, 304.29194648437846, 300.0
0.06382473454132694, -0.07421435663888004, 310.69570315805095, 310.0
0.09510406523575728, -0.09074999068798352, 316.34204480573123, 320.0
0.059566922643723236, -0.035640074406441326, 329.10707784940456, 330.0
2.512484365959193, -1.9322023730641318, 322.4382555700836, 340.0
2.196029034009037, -0.9460988269311873, 336.6925327322029, 350.0
