messX, messY, messTheta, sollTheta
3.13901398165681, -2.0077820200898953, 327.39612900341365, 0.0
3.0049508268734955, -1.6789635242738552, 330.8064909314764, 10.0
0.10551961964558793, -0.004531537295655947, 357.5409452310865, 20.0
0.10798341119913761, 0.004346355975695111, 2.3049235042896403, 30.0
0.09435972144619928, 0.009560214596350335, 5.785277170502493, 40.0
0.10894959422149444, 0.02123247257478242, 11.027775548687972, 50.0
0.08478131230474888, 0.018696429213563112, 12.436126513383053, 60.0
0.04434802944827941, 0.07381775498691706, 59.003508820760985, 70.0
0.01878060187215148, 0.0035441205801067174, 10.686711737193848, 80.0
0.04701457479970734, -0.009704362025246644, 348.33726865904293, 90.0
0.11393924060775032, 0.0517360471734477, 24.421230509309787, 100.0
-0.013021343367236054, 0.06775466982725, 100.87867620757748, 110.0
-0.019098425998396812, 0.06711431292137562, 105.88453077561937, 120.0
-0.034586800922548275, 0.058420212808661144, 120.62701053830462, 130.0
-0.04581578616467514, 0.06843571836323126, 123.8011943079966, 140.0
-0.04821294281342169, 0.03247084248410279, 146.04020322314932, 150.0
-0.056477737785715784, 0.028261439056385187, 153.41663408955742, 160.0
-0.057654611006174264, 0.011032234844008336, 169.167373154471, 170.0
-0.06276446987684145, 4.610021543069363E-4, 179.57917269328385, 180.0
-0.03296573837492251, -0.07172711177197096, 245.31651621336624, 190.0
-0.04869408988030867, -0.040063080708070575, 219.44585243040552, 200.0
-0.03995583366583799, -0.0930308643858927, 246.75695676316116, 210.0
-0.03415758748214423, -0.10859036067557525, 252.5387963713524, 220.0
-0.034251201944636135, -0.13205634656710194, 255.45970243636205, 230.0
1.2609994198920083, -3.1311362525103466, 291.9360765297414, 240.0
0.7892133107253345, -2.4581271182805793, 287.79989505463595, 250.0
0.5790683194688303, -2.1019825949379625, 285.40217507682945, 260.0
0.8889993038668426, -2.2229243608538383, 291.79762223460165, 270.0
1.7482610550955227, -2.973402832821976, 300.4540989864941, 280.0
1.3500799743422844, -2.218260067515884, 301.32557775766884, 290.0
1.5185432412505133, -2.4874820970093015, 301.402981652385, 300.0
1.5830001357181367, -2.2944154450807304, 304.6031967100057, 310.0
1.804828873044869, -2.283415581602377, 308.3231098065489, 320.0
2.144312604766695, -2.355425766945326, 312.3138372041506, 330.0
2.31828816739136, -2.28142990642249, 315.459110223939, 340.0
2.65380517766671, -2.1651183298657375, 320.7905669195656, 350.0
