messX, messY, messTheta, sollTheta
0.08562201728805977, -0.005734408257149701, 356.16842166921236, 0.0
0.09121945701739753, 4.7807292760431537E-4, 0.30027925139785805, 10.0
0.07813572060433613, 0.013742503929980446, 9.975155532466447, 20.0
0.10873513291534113, 0.019344768987152813, 10.087789031072354, 30.0
0.1161046074654015, 0.03207857539434179, 15.44495885781926, 40.0
0.10530022487624836, 0.037454040999376506, 19.579869445528487, 50.0
0.08685852311711866, 0.05399818853787341, 31.868381593583567, 60.0
0.05763529253988829, 0.1146168579660102, 63.30438142585567, 70.0
0.02876738598740824, 0.11915799415550862, 76.42724313143809, 80.0
0.029956282986118975, 0.2907245043246807, 84.11699878877864, 90.0
0.03922233349940446, 0.06681437182139859, 59.585600861865984, 100.0
-0.012929902133701347, 0.14333125990210757, 95.15469547947563, 110.0
-0.02838006139096925, 0.09540383159347827, 106.5663189945261, 120.0
-0.051066436301937426, 0.07010193295220139, 126.07183126646396, 130.0
-0.04196680690678227, 0.04422345069384594, 133.50021758509922, 140.0
-0.058237964197442496, 0.03474163246781208, 149.18197394253625, 150.0
-0.06087681551835907, 0.02496518643703124, 157.70178470351374, 160.0
-0.06426568304405453, 0.013343162853969075, 168.27061251472642, 170.0
-0.06688058052630044, 0.0027155367758804373, 177.67490982920447, 180.0
-0.0682478822921788, -0.016948992084321438, 193.94693983682703, 190.0
-0.05560339824322515, -0.03372534763167581, 211.23823276508097, 200.0
-0.0487627973554888, -0.0367703507709045, 217.01869168792834, 210.0
-0.04139547528192518, -0.04729060775677751, 228.80296478068635, 220.0
-0.03743526364670467, -0.05840357735472618, 237.34112249260824, 230.0
-0.025525251309957874, -0.07283634654397435, 250.68716023152828, 240.0
0.832182746897601, -2.585092465617484, 287.8442001579699, 250.0
-0.0035630533806060116, -0.17568853818178837, 268.83817156608677, 260.0
0.01471799895370003, -0.12971512369063448, 276.47332463862443, 270.0
0.7556571375608768, -1.531548276851448, 296.2614672996302, 280.0
0.038013266245123786, -0.08891737124465686, 293.14730169698635, 290.0
0.049908635427451546, -0.07261572170531698, 304.5006605407764, 300.0
0.6847609013956849, -0.937619964903724, 306.14133487931673, 310.0
0.6813232982585442, -0.7763565198543667, 311.269888877991, 320.0
1.3980938751676277, -1.3390014003594788, 316.23679418310826, 330.0
1.576657960867348, -1.2071958104580502, 322.5598921084006, 340.0
0.10723981123720887, -0.01709243048941454, 350.94407686292936, 350.0
